0001001001000001
0001110110001111
0001101101000011
1100011110000110
0000001000010000
0111100000000110
0110100000000011
0001011011000001
1001100101000000
1111000000000000
1111000000000000
1111000000000000
1111000000000000
1111000000000000
1111000000000000
1111000000000000
1111000000000000
1111000000000000
1111000000000000
1111000000000000
1111000000000000
1111000000000000
1111000000000000
1111000000000000
1111000000000000
1111000000000000
1111000000000000
1111000000000000
1111000000000000
1111000000000000
1111000000000000
1111000000000000
1111000000000000
1111000000000000
1111000000000000
1111000000000000
1111000000000000
1111000000000000
1111000000000000
1111000000000000
1111000000000000
1111000000000000
1111000000000000
1111000000000000
1111000000000000
1111000000000000
1111000000000000
1111000000000000
1111000000000000
1111000000000000
1111000000000000
1111000000000000
1111000000000000
1111000000000000
1111000000000000
1111000000000000
1111000000000000
1111000000000000
1111000000000000
1111000000000000
1111000000000000
1111000000000000
1111000000000000
1111000000000000
1111000000000000
1111000000000000
1111000000000000
1111000000000000
1111000000000000
1111000000000000
1111000000000000
1111000000000000
1111000000000000
1111000000000000
1111000000000000
1111000000000000
1111000000000000
1111000000000000
1111000000000000
1111000000000000
1111000000000000
1111000000000000
1111000000000000
1111000000000000
1111000000000000
1111000000000000
1111000000000000
1111000000000000
1111000000000000
1111000000000000
1111000000000000
1111000000000000
1111000000000000
1111000000000000
1111000000000000
1111000000000000
1111000000000000
1111000000000000
1111000000000000
1111000000000000
1111000000000000
1111000000000000
1111000000000000
1111000000000000
1111000000000000
1111000000000000
1111000000000000
1111000000000000
1111000000000000
1111000000000000
1111000000000000
1111000000000000
1111000000000000
1111000000000000
1111000000000000
1111000000000000
1111000000000000
1111000000000000
1111000000000000
1111000000000000
1111000000000000
1111000000000000
1111000000000000
1111000000000000
1111000000000000
1111000000000000
1111000000000000
1111000000000000
1111000000000000
1111000000000000
1111000000000000
1111000000000000
1111000000000000
1111000000000000
1111000000000000
1111000000000000
1111000000000000
1111000000000000
1111000000000000
1111000000000000
1111000000000000
1111000000000000
1111000000000000
1111000000000000
1111000000000000
1111000000000000
1111000000000000
1111000000000000
1111000000000000
1111000000000000
1111000000000000
1111000000000000
1111000000000000
1111000000000000
1111000000000000
1111000000000000
1111000000000000
1111000000000000
1111000000000000
1111000000000000
1111000000000000
1111000000000000
1111000000000000
1111000000000000
1111000000000000
1111000000000000
1111000000000000
1111000000000000
1111000000000000
1111000000000000
1111000000000000
1111000000000000
1111000000000000
1111000000000000
1111000000000000
1111000000000000
1111000000000000
1111000000000000
1111000000000000
1111000000000000
1111000000000000
1111000000000000
1111000000000000
1111000000000000
1111000000000000
1111000000000000
1111000000000000
1111000000000000
1111000000000000
1111000000000000
1111000000000000
1111000000000000
1111000000000000
1111000000000000
1111000000000000
1111000000000000
1111000000000000
1111000000000000
1111000000000000
1111000000000000
1111000000000000
1111000000000000
1111000000000000
1111000000000000
1111000000000000
1111000000000000
1111000000000000
1111000000000000
1111000000000000
1111000000000000
1111000000000000
1111000000000000
1111000000000000
1111000000000000
1111000000000000
1111000000000000
1111000000000000
1111000000000000
1111000000000000
1111000000000000
1111000000000000
1111000000000000
1111000000000000
1111000000000000
1111000000000000
1111000000000000
1111000000000000
1111000000000000
1111000000000000
1111000000000000
1111000000000000
1111000000000000
1111000000000000
1111000000000000
1111000000000000
1111000000000000
1111000000000000
1111000000000000
1111000000000000
1111000000000000
1111000000000000
1111000000000000
1111000000000000
1111000000000000
1111000000000000
1111000000000000
1111000000000000
1111000000000000
1111000000000000
1111000000000000
1111000000000000
1111000000000000
1111000000000000
1111000000000000
1111000000000000
1111000000000000
